23
H.sapiens_SUMF2_inactive_Calphaformylglycinegenerating_enzyme_2_i 0.0000000 0.8468866 0.2496717 0.2794893 0.8634707 0.8993528 0.7874665 0.6439131 0.9588446 0.7283610 0.7932094 2.5298448 2.1483086 2.4953488 2.2093665 2.2779485 1.9847291 2.0491891 2.1378085 2.1731216 2.1121408 1.9513022 1.9073890 
G.aculeatus_sumf2_inactive_Calphaformylglycinegenerating_enzyme_2 0.8468866 0.0000000 0.5628237 0.6149349 0.4108571 0.3372519 0.5854692 0.5828464 0.6261834 0.6244491 0.7323227 2.1919443 1.9433703 2.5493906 2.1516818 2.1151320 1.6700428 1.7832425 1.8864123 1.8624026 1.8694126 1.6663354 1.5067337 
E.caballus_SUMF2_sulfatasemodifying_factor_2_isoform_X4           0.2496717 0.5628237 0.0000000 0.1065762 0.6250867 0.5999712 0.5617661 0.4572968 0.6755097 0.4862703 0.5932394 2.2187546 1.9921179 2.2177785 1.9091978 2.3856216 1.6593100 1.7852144 1.7786318 1.7327917 1.7423252 1.6037924 1.5268652 
F.catus_SUMF2_inactive_Calphaformylglycinegenerating_enzyme_2_iso 0.2794893 0.6149349 0.1065762 0.0000000 0.6792763 0.6182124 0.6020742 0.4981542 0.6560704 0.5217881 0.6323006 2.2603267 2.0277566 2.2608790 1.9602756 2.4714892 1.7668614 1.8398624 1.9112972 1.8614008 1.8332022 1.6407992 1.6045419 
D.rerio_sumf2_inactive_Calphaformylglycinegenerating_enzyme_2_pre 0.8634707 0.4108571 0.6250867 0.6792763 0.0000000 0.4045702 0.5738893 0.5680171 0.6235455 0.6176018 0.6777163 2.3636664 1.9527528 2.5326312 1.8437517 2.1735331 1.7827745 1.7374478 1.9534739 1.9852969 1.9346180 1.6783464 1.5838517 
S.salar_sumf2_inactive_Calphaformylglycinegenerating_enzyme_2_iso 0.8993528 0.3372519 0.5999712 0.6182124 0.4045702 0.0000000 0.5460818 0.5729315 0.7010205 0.5977457 0.7235684 2.1339267 1.8541147 2.2121635 2.3350496 2.2854754 1.6849175 1.9302060 1.9096643 1.8420016 1.7917969 1.5321327 1.3967483 
X.laevis_LOC108708335_inactive_Calphaformylglycinegenerating_enzy 0.7874665 0.5854692 0.5617661 0.6020742 0.5738893 0.5460818 0.0000000 0.5331715 0.6834526 0.4859415 0.6691208 2.5468018 2.0008833 2.4959578 2.2069895 2.3331479 1.6441801 2.0117017 1.9338513 2.0249184 1.9162528 1.8208485 1.7990365 
G.gallus_SUMF2_inactive_Calphaformylglycinegenerating_enzyme_2_is 0.6439131 0.5828464 0.4572968 0.4981542 0.5680171 0.5729315 0.5331715 0.0000000 0.6995582 0.3399896 0.4137468 2.1074051 1.9095996 2.3476508 2.0170465 2.1117743 1.7223560 1.7840110 1.6615898 1.8170550 1.7809045 1.4626165 1.4870502 
C.carcharias_sumf2_inactive_Calphaformylglycinegenerating_enzyme_ 0.9588446 0.6261834 0.6755097 0.6560704 0.6235455 0.7010205 0.6834526 0.6995582 0.0000000 0.6366344 0.7654298 2.5502895 2.2279341 2.7015621 2.4268358 2.5112148 1.8483906 2.1042246 2.1261207 1.9099985 1.9268432 1.7834964 1.6350766 
C.mydas_SUMF2_inactive_Calphaformylglycinegenerating_enzyme_2_iso 0.7283610 0.6244491 0.4862703 0.5217881 0.6176018 0.5977457 0.4859415 0.3399896 0.6366344 0.0000000 0.4409207 2.3264272 2.0091865 2.2942996 2.3448945 2.3856288 1.7414935 1.8823011 1.8770655 1.8421906 1.7838388 1.5772187 1.5245764 
S.townsendi_SUMF2_inactive_Calphaformylglycinegenerating_enzyme_2 0.7932094 0.7323227 0.5932394 0.6323006 0.6777163 0.7235684 0.6691208 0.4137468 0.7654298 0.4409207 0.0000000 2.2764127 2.2334119 2.5267018 2.4470356 2.5354267 1.7496913 2.0444108 1.9039540 2.0477307 2.0078768 1.7361463 1.6081082 
S.salar_LOC106583142_LOW_QUALITY_PROTEIN_formylglycinegenerating_ 2.5298448 2.1919443 2.2187546 2.2603267 2.3636664 2.1339267 2.5468018 2.1074051 2.5502895 2.3264272 2.2764127 0.0000000 0.9963796 1.1077324 0.7156363 1.1726490 0.6639530 0.4746216 0.6899110 0.7245368 0.7233356 0.7753846 0.7798157 
C.mydas_SUMF1_formylglycinegenerating_enzyme_isoform_X4           2.1483086 1.9433703 1.9921179 2.0277566 1.9527528 1.8541147 2.0008833 1.9095996 2.2279341 2.0091865 2.2334119 0.9963796 0.0000000 0.5454175 1.3116366 0.8261459 0.6504617 0.8693538 0.9290189 0.4855771 0.4793191 0.3904630 0.2037320 
H.sapiens_SUMF1_formylglycinegenerating_enzyme_isoform_X4         2.4953488 2.5493906 2.2177785 2.2608790 2.5326312 2.2121635 2.4959578 2.3476508 2.7015621 2.2942996 2.5267018 1.1077324 0.5454175 0.0000000 1.2803131 1.1845142 0.6779253 1.0107569 1.0354593 0.2235318 0.2264584 0.6205974 0.4499654 
D.rerio_sumf1_sulfatasemodifying_factor_1_isoform_X1              2.2093665 2.1516818 1.9091978 1.9602756 1.8437517 2.3350496 2.2069895 2.0170465 2.4268358 2.3448945 2.4470356 0.7156363 1.3116366 1.2803131 0.0000000 1.3750502 0.8073764 0.6562810 0.8327399 0.9682646 0.9627058 0.8609297 0.5202294 
C.carcharias_sumf1_formylglycinegenerating_enzyme_isoform_X2      2.2779485 2.1151320 2.3856216 2.4714892 2.1735331 2.2854754 2.3331479 2.1117743 2.5112148 2.3856288 2.5354267 1.1726490 0.8261459 1.1845142 1.3750502 0.0000000 0.8626217 1.0044438 1.0473938 0.9798874 0.9703915 0.8129175 0.5946436 
X.laevis_sumf1.L_formylglycinegenerating_enzyme                   1.9847291 1.6700428 1.6593100 1.7668614 1.7827745 1.6849175 1.6441801 1.7223560 1.8483906 1.7414935 1.7496913 0.6639530 0.6504617 0.6779253 0.8073764 0.8626217 0.0000000 0.6052148 0.7296190 0.5142687 0.4993004 0.4600076 0.2716483 
S.salar_sumf1_sulfatasemodifying_factor_1_precursor               2.0491891 1.7832425 1.7852144 1.8398624 1.7374478 1.9302060 2.0117017 1.7840110 2.1042246 1.8823011 2.0444108 0.4746216 0.8693538 1.0107569 0.6562810 1.0044438 0.6052148 0.0000000 0.5252492 0.7739537 0.7563760 0.6884318 0.3629448 
G.aculeatus_sumf1_formylglycinegenerating_enzyme_isoform_X1       2.1378085 1.8864123 1.7786318 1.9112972 1.9534739 1.9096643 1.9338513 1.6615898 2.1261207 1.8770655 1.9039540 0.6899110 0.9290189 1.0354593 0.8327399 1.0473938 0.7296190 0.5252492 0.0000000 0.7513411 0.7342433 0.7185588 0.4924387 
E.caballus_SUMF1_sulfatasemodifying_factor_1_isoform_X1           2.1731216 1.8624026 1.7327917 1.8614008 1.9852969 1.8420016 2.0249184 1.8170550 1.9099985 1.8421906 2.0477307 0.7245368 0.4855771 0.2235318 0.9682646 0.9798874 0.5142687 0.7739537 0.7513411 0.0000000 0.0751557 0.3766908 0.2161988 
F.catus_SUMF1_formylglycinegenerating_enzyme_isoform_X2           2.1121408 1.8694126 1.7423252 1.8332022 1.9346180 1.7917969 1.9162528 1.7809045 1.9268432 1.7838388 2.0078768 0.7233356 0.4793191 0.2264584 0.9627058 0.9703915 0.4993004 0.7563760 0.7342433 0.0751557 0.0000000 0.3896138 0.2200935 
G.gallus_SUMF1_LOW_QUALITY_PROTEIN_formylglycinegenerating_enzyme 1.9513022 1.6663354 1.6037924 1.6407992 1.6783464 1.5321327 1.8208485 1.4626165 1.7834964 1.5772187 1.7361463 0.7753846 0.3904630 0.6205974 0.8609297 0.8129175 0.4600076 0.6884318 0.7185588 0.3766908 0.3896138 0.0000000 0.1816273 
S.townsendi_SUMF1_formylglycinegenerating_enzyme                  1.9073890 1.5067337 1.5268652 1.6045419 1.5838517 1.3967483 1.7990365 1.4870502 1.6350766 1.5245764 1.6081082 0.7798157 0.2037320 0.4499654 0.5202294 0.5946436 0.2716483 0.3629448 0.4924387 0.2161988 0.2200935 0.1816273 0.0000000 
